  55.000    0.99270E-02    0.22967E-03
  56.000        0.05545        0.00126
  57.000        0.28575        0.00635
  58.000        1.35843        0.02947
  59.000        5.80359        0.11981
  60.000       20.61289        0.35802
  61.000       52.45950        0.63535
  62.000       95.05488        0.75517
  63.000      140.09738        0.79767
  64.000      186.08861        0.86742
  65.000      234.57189        0.94765
  66.000      284.44688        0.98670
  67.000      333.72636        0.99845
  68.000      381.62127        1.00174
  69.000      427.95219        1.00299
  70.000      472.74120        1.00324
  71.000      515.98292        1.00352
  72.000      557.73624        1.00348
  73.000      598.09166        1.00354
  74.000      637.06321        1.00352
  75.000      674.72280        1.00349
